
20230920
20230921
20230922
20230923
20230924
20230925
20230926
20230927
20230928
20230929
20230930
20231001
20231002
20231003
20231004
20231005
20231006
20231007
20231008
20231009
20231010
20231011
20231012
20231013
20231014
20231015
20231016
20231017
20231018
20231019
20231020
20231021
20231022
20231023
20231024
20231025
20231026
20231027
20231028
20231029
20231030
20231031
20231101
20231102
20231103
20231104
20231105
20231106
20231107
20231108
20231109
20231110
20231111
20231112
20231113
20231114
20231115
20231116
20231117
20231118
20231119
20231120
20231121
20231122
20231123
20231124
20231125
20231126
20231127
20231128
20231129
20231130
20231201
20231202
20231204
20231205
20231206
20231207
20231208
20231209
20231210
20231211
20231212
20231213
20231214
20231215
20231216
20231217
20231218
20231219
20231220
20231221
20231222
20231223
20231224
20231225
20231226
20231227
20231228
20231229
20231230
20231231
20240101
20240102
20240103
20240104
20240105
20240106
20240107
20240108
20240109
20240110
20240111
20240112
20240113
20240114
20240115
20240116
20240117
20240118
20240119
20240120
20240121
20240122
20240123
20240124
20240125
20240126
20240127
20240128
20240129
20240130
20240131
20240201
20240202
20240203
20240204
20240205
20240206
20240207
20240208
20240209
20240210
20240211
20240212
20240213
20240214
20240215
20240216
20240217
20240218
20240219
20240220
20240221
20240222
20240224
20240225
20240226
20240227
20240228
20240229
20240301
20240302
20240303
20240304
20240305
20240306
20240307
20240308
20240309
20240310
20240311
20240312
20240313
20240314
20240315
20240316
20240317
20240318
20240319
20240320
20240321
20240322
20240323
20240324
20240325
20240326
20240327
20240328
20240329
20240330
20240331
20240401
20240402
20240403
20240404
20240405
20240406
20240407
20240408
20240409
20240410
20240411
20240412
20240413
20240414
20240415
20240416
20240417
20240418
20240419
20240420
20240421
20240422
20240423
20240424
20240626
20240710
20240711
20240712
20240713
20240714
20240715
20240716
20240717
20240718
20240719
20240720
20240721
20240722
20240723
20240724
20240725
20240726
20240727
20240728
20240729
20240730
20240809
20240810
20240811
20240812
20240813
20240814
20240815
20240816
20240817
20240818
20240819
20240820
20240821
20240822
20240823
20240824
20240825
20240826
20240827
20240828
20240829
20240830
20240831
20240901
20240902
20240903
20240904
20240905
20240906
20240907
20240908
20240909
20240910
20240911
20240912
20240913
20240914
20240915
20240916
20240917
20240918
20240919
20240920
20240921
20240922
20240923
20240924
20240925
20240926
20240927
20240928
20240929
20240930
20241001
20241002
20241003
20241004
20241005
20241006
20241007
20241008
20241009
20241010
20241011
20241012
20241013
20241014
20241015
20241016
20241017
20241018
20241019
20241020
20241021
20241022
20241023
20241024
20241025
20241026
20241027
20241028
20241029
20241030
20241031
20241101
20241102
20241103
20241104
20241105
20241106
20241107
20241108
20241109
20241110
20241111
20241112
20241113
20241114
20241115
20241116
20241117
20241118
20241119
20241120
20241121
20241122
20241123
20241124
20241125
20241126
20241127
20241128
20241129
20241130
20241201
20241202
20241203
20241204
20241205
20241206
20241207
20241208
20241209
20241210
20241211
20241212
20241213
20241214
20241215
20241216
20241217
20241218
20241219
20241220
20241221
20241222
20241223
20241224
20241225
20241226
20241227
20241228
20241229
20241230
20241231
20250101
20250102
20250103
20250104
20250105
20250107
20250108
20250109
20250110
20250111
20250112
20250113
20250114
20250115
20250116
20250117
20250118
20250119
20250120
20250121
20250122
20250123
20250124
20250125
20250126
20250127
20250128
20250129
20250130
20250131
20250201
20250202
20250203
20250204
20250205
20250206
20250207
20250209
20250210
20250211
20250212
20250213
20250214
20250215
20250216
20250217
20250218
20250219
20250220
20250221
20250222
20250224
20250225
20250226
20250227
20250228
20250301
20250302
20250303
20250304
20250305
20250306
20250307
20250308
20250309
20250310
20250311
20250312
20250313
20250314
20250315
20250316
20250317
20250318
20250319
20250320
20250321
20250322
20250323
20250324
20250325
20250326
20250327
20250328
20250329
20250330
20250331
20250401
20250402
20250403
20250404
20250405
20250406
20250407
20250408
20250409
20250410
20250411
20250412
20250413
20250414
20250415
20250416
20250417
20250418
20250419
20250420
20250421
20250422
20250423
20250424
20250425
20250426
20250427
20250428
20250429
20250430
20250501
20250502
20250503
20250504
20250505
20250506
20250507
20250508
20250509
20250510
20250511
20250512
20250513
20250514
20250515
20250516
20250517
20250518
20250519
20250520
20250521
20250522
20250523
20250524
20250525
20250526
20250527
20250529
20250530
20250531
20250601
20250602
20250603
20250604
20250605
20250606
20250607
20250608
20250609
20250610
20250611
20250612
20250613
20250614
20250615
20250616
20250617
20250618
20250619
20250620
20250621
20250622
20250623
20250624
20250625
20250626
20250627
20250628
20250629
20250630
20250701
20250702
20250703
20250704
20250705
20250706
20250707
20250708
20250709
20250710
20250711
20250712
20250713
20250714
20250715
20250716
20250719
20250720
20250721
20250722
20250724
20250725
20250727
20250728
20250729
20250730
20250731
20250801
20250802
20250803
20250804
20250805
20250806
20250807
20250808
20250809
20250810
20250811
20250812
20250813
20250814
20250815
20250816
20250817
20250818
20250819
20250820
20250821
20250822
20250823
20250824
20250825
20250826
20250827
20250828
20250829
20250830
